0010110110101011
0001000111000000
0011010110110001
0011111001110010
0110111000010101
1001011110010001
1001000011001100
1011110101110011
1001110010100011
0011010000000011
0110110001010111
0010100110000110
0011101001001001
0001001101111000
0110110001100011
0011100100000110
0010111000000110
1011000110011000
0111000111100110
1001000000101100
0011010011000101
0001000110011001
0111001100011110
0111000000101110
0110001010010100
0000101010110101
0000001000100010
1011110111011100
0101110000100110
1001110101010111
0011110101000000
0000011010110011
0111001011011100
1010010100101001
0111000111000111
1010110110001011
1011010101011010
0011001100011100
0110000010010000
0010000001000111
1110011001111010
0010101001001010
0101010101110111
0010001110001100
0110001000110010
0111010110011110
1011001011010110
0101110101001011
0000100110010001
0110101010000100
0010000011101000
1010110000010001
0111010111100001
1001001100100001
0111111001100101
1110010111101000
0011101111000101
1010000111001110
1011001110100000
0011010101001000
0101110010111010
0000011101110000
1011010110110100
1001010111011011
0101011101111110
0000110000011001
0110001010110000
1010100010011110
0111100111010001
1110110111011001
1110010000001011
0011001111000111
0011010000111001
0101010001010011
1110111011011101
1011010010101010
0110110001100101
0110110101110100
1010100110011101
0010001000000000
0000110001110001
0011100110110000
0011111010110011
0101001001010010
0010100101111010
0010001010100111
1001110110011010
1110101010010000
0001010100001000
1011010111011001
0010110011000110
0001000110111001
0010011010000000
0010000110010010
1110011101111101
1010110010011011
1010001101101110
0010000110010000
0011011001010011
0101000110101010
1010110110000100
0011100010101011
0011000100000011
0010000100000111
0010011001000110
0011011101110010
1011100010100100
1011001000010111
0011010110010000
0011110100100110
0001000011000000
0001110010001101
0101110000101101
0010001011010110
0110010001010111
0110000101111100
0011100011100010
0111110110111110
0001100111101001
0101101010011100
1110000111100001
1001101010000011
0111111000100111
0001010001000011
1110010101010010
0101100101110011
0000110010110001
1010110010100010
0000111010111110
0010000011001011
0000110100011001
1110100010011011
1010101001010111
1010101000011000
0010000110101001
0101000110110110
1010111010001100
1001011001000100
0000101010010000
1011000100000010
1010001010101011
0001010000000001
1011000000001100
1011011100010011
0101110010010001
0011110100010000
0110001010011010
0001001001011011
0000001001100101
0111110010011101
0001101001110111
1010101111100111
0010001000010011
0110101001100000
1001100001010010
1001001100101011
1010011000001001
0110001010010110
1011001010110111
0101101110011011
1010111011001101
0110011001111101
1010001101000011
1010100011101110
1110101110011100
0011000100001000
1010001001010001
0110010110100111
0110110011010010
0101110000010010
1010100111000110
0111011000100111
0110000010000011
1010011000011110
0110010000011110
0101010111101000
0101010010101110
1001011000000101
0111110000110011
0011110111010110
0101001011001010
0000110010100111
0000101100010100
1010010000101010
0111101011001011
0001110000000100
0101101001001001
0000110110011001
0000000010111000
1001010110100101
1011100001001100
0000001010100101
0010111011100001
1010001000100100
1001000011001010
1011100001000011
0111110111000100
1001100101011100
0010110001010111
0011110111010000
1001101111010110
0000001100011110
0011000110011010
0000111010010001
0011101011101000
0101010100011000
0011001111100011
1010001101011011
0000011001110011
0110100010000110
1110000101101000
0000100101011011
1010001110111001
0101101010110001
0011000001000101
0110101100101001
1001100001000001
0001101111010000
0011010010101100
0110111000101101
1010000001111110
0110011110000110
1110110111101101
0000001010111010
0000110001011011
0010011110010101
0010110101010001
0101011000110011
0000101101110001
1011010101100011
0001101101001000
0101010001001001
1010001001111110
1001000001001010
1001000010000111
1001100100000000
0101101110101101
1011001001011010
1011001100010011
0000000001011000
0111011011011001
0000000001010110
1010111011101100
0011001100110011
0111001101101100
0111000011001001
1110100101101100
0111110010100101
0011111000111100
0010011001100001
1001110110011000
1011001100010011
0110101001011100
0001010101110010
0111011010110110
1001110111010101
0011100100001100
0001001001011001
1110001011100101
0101110010001100
1010010000111110
0001010010011000
0011001101101110
1010011100000000
0010000010110110
0101101010100101
0110111001001000
1011100100000000
0011010110111001
1010110111101001
0011110101100001
0110111001000101
1011100011011010
0000011010111001
1010000000111001
1011110001100101
0111101010111011
0010010101111101
1110100110000001
1001100110000011
0101011111000100
1011100101001001
0001000001010101
0011010010010001
1010001010111010
0011011101010111
1001101101110010
0011110100011100
0011111000001001
1001110111011000
0000011100100101
0011000101101100
0001000000000101
1010011010111001
0110110110010101
0110001100011011
0111000111000111
0011011100011110
0010100001001100
1011110100100101
0011011000111001
1011101010111010
0111101010011000
0010101001100011
1011001100110110
0101000010010001
0010011110101100
0001000000110111
1010100110100100
0010011100110010
1110001101111110
1001111011101010
0001001000111001
0011001101001001
0011101001110000
0000101000101011
0000010101011101
1011111000100101
0111111000100111
1010100000011001
0001011001010011
0110010111101000
0000011110010000
1011011011000000
0111100100111110
0000101110011011
0000011110110111
0010100010001101
0110111011100000
0110011110001110
0011001111000001
0101101011010011
1110110011001101
0000011001110111
1001101100100110
1011011101000101
1011101010001110
0001100001100111
0000010001111010
0001011101010111
1011110101000100
0001110100100001
1011000101011100
0010000110001011
0010111001000111
0011111011100000
0101000111101000
1001111011001001
0001001001011010
0010110000110101
1001100111100010
0111000101101011
0011011011010100
0101011010110110
1001010001000100
0000110111101011
0010101001111101
0010001001101110
0001011100001011
1011011001111101
0001011111010100
0000111000100110
0010000011001001
0011101010100110
0111110001011011
0111010011001010
0011110100100010
0001001010010000
0110010001001110
1011000010100110
0011110011100010
1001111010100000
1001110100100011
0000010000011100
1110111001010010
1110100010110000
1010100111010000
0001011101000101
0110011011001011
0010001110101100
0011101011010111
0101010100010100
0010011000111000
0000101110011010
0001110101101101
0101110101011101
0011011101110100
0101111011101110
0101010000001001
0101010010000011
0010101100110101
1010100011001110
0001100110000110
0111110001010110
1011000100000110
1010011011010110
1110100010000000
0111110000110011
0001100010011011
0010000000110011
1001010101001100
0111011001010010
0000100011100110
0000000111101011
1110101100000011
0111010101111001
0000001000011110
0111001101110111
0101100010000111
1010101110101010
0000100101100001
0110111011011000
1001011111001011
0010011010110010
0011000110110101
0110001111000101
1001110001111100
0101010100000111
0110100000011010
0010110001110110
0101011110110100
0111000000000011
0110110010100011
0010011111010110
1001100011010000
0011110000101001
0111000110111011
0000010011101101
0101111000010010
0110101000100010
0101101100101100
0011111001110100
1110010001101100
0001001001010010
0111100001111100
0101010100100000
0101110110110110
0011111000000000
0011011100011001
1010011001101100
0111010111000001
1010001001001101
0000000001101101
0111101100101110
0001000010110111
0011010001010101
1110001111000110
0010111000000010
1001110110110010
1011100100011011
0011100001100000
0000010101110110
0101101110011101
1011000111001100
1011101010111000
1110111001110111
1011001111001100
0000001011100101
0011111010000001
0011100100000010
0111101110000000
0111100110100111
1011000101000011
0011011101000101
1011001000100110
0001000001010000
0111100110000000
0110000000010000
0010000110000010
0010100000101011
1011000110100001
0111101001100011
1010101010001001
1001010110000000
0110011101001010
0110100000010000
0011001100011000
0110111001001011
0010011110111011
0011010010100011
0001000100110100
0101100011000100
1010011110010100
0000111010111010
0010100001000011
0000001010010000
1001110001100001
1110001101010100
0110111001000001
0010000101101001
1001101010110001
1110111011101101
1110011101110111
0001111010111100
1010001011011010
1010011101110000
0111001010110001
0101110001010111
1011101101000110
1110101011000101
1001010110000100
0011101111001000
0011111000010110
0001111001110101
0011110100111010
0011000100100000
1110001011001110
1011100001000011
0010010101100100
1001110101101000
1110111010000101
0001100100010111