0101100001111100
0001010000100111
1011011001011101
1110100011101101
0001000110100100
0001100111100101
1011010111010001
1010100110101000
1001010111100001
0001100110110100
0000100110011011
0011000110110100
1010000111000101
1011000000000101
1001000010111101
0101111011101011
0110111000001010
1110100110101100
1110100010000111
0010101111000111
1010010100000111
0011110101101010
0101011111011000
0101011100011110
0101111000001011
0101101110001001
0011000110110000
0000000110111101
0000000010011100
0110001111010110
0101010100011001
1001010111101101
0010000000011110
0101000010011100
0011110011000110
0110001010111100
0110010001001010
0110011111000001
0101100110001011
1011000110010100
0111110100000011
1110001001011001
1110011010011110
1001000010000001
0011001000010110
0000100100100110
1011001111001101
0010101000010101
0011010001101110
0010011100110100
0001101001111011
0010011000111000
0110110111010001
0011001000011000
1011011111000111
1110100010110000
1010011111011000
0001011100111000
1010110011010100
1010110001110001
1110001111010100
1110111000101010
0011010100101101
0000100010110110
0011101101001100
1011011100101001
0110110011000110
0011000100010000
0010000101011110
1010101000010011
0111100100111101
0110100001101110
0001110001101001
1110100001010110
1010101100100001
0001110001100010
0001000010110001
0010011100000010
0111110100000110
0000001011101011
0011110110011101
0101101010011110
0111001001111001
0000111001011011
1010010000110010
1001100100100110
1010110110110010
1001100000001101
0010011101001001
0111110111010011
0111011100110001
0101000101001001
1011100010011101
0001100111101011
0011110000010110
0101000100101010
0000000000101000
0110011001111010
1011111010001100
0010000100100011
0010101110101001
1010000110011110
0010001011010001
1110111010110011
0000110100010000
0001000011001010
0010100001010110
0110101101100110
1001001111001001
1010110000011000
0111010010001001
1010001001010011
0111100011010110
0111001010110000
0000110010100100
1001110010101101
0110000001100000
1001010100001000
0001011100110001
0000011001011011
0101010100001001
0111101100101100
0011000100000100
0111011000001010
0001001010100111
1001110000100111
0011011010110101
1110011111100110
1001010000111001
0110101011101101
1001101100010000
0001000001111010
1010011101011001
1001110100001011
0111010100110001
1001101001001001
0001010011001000
0000001110111000
0111100010000011
1110101110001100
0111011101111001
1110011100101011
0110010000101000
0001101101000111
0001011100000000
0111001111011101
1010010100101100
0101000110111100
1001011000010000
0101100101101000
0101111010000001
0101001100100101
0001001010101110
1001101001101001
0000100101110010
1110110011011001
1011101011001110
0000011110011011
0011000111100011
1001010111101100
0111101100111110
1011101101100100
0000110001111110
0011010100100110
0111000111101010
1110101001010100
0110100011000001
1110011100100010
0011001001110000
0110011110111001
0011011011010010
0010111000110001
0000101111101101
0000001010011010
0000011010111100
0000011001100101
1010101000101000
1010101010100001
0011110100110010
1011000110111000
0111011110000100
0110011011010110
1110101100000100
0000100011100111
0011110100110111
0010101100101000
0001001010001010
0101001001110011
0111110101100111
1001011010101010
0110111011000100
0011010111101101
1011110000010001
1110110111100111
0101001100101001
0111010010001100
0000011000100110
0101101100110111
1110100101011110
0000110101011000
0000101101100111
1011100111101000
1001001011000010
0001111011100000
0010111011001001
0011110101001110
1011010101111110
0001011001100011
0101101100110000
1110001101001100
0011010101100111
1110110110110110
0011100101111010
0010101101110011
0101111011100110
0001010101000110
0000101110011010
1011101100111100
1011000000110110
1010101011010000
0010110010101100
0011001011000010
0000010000010001
0110101001001101
0011011000110011
0000011100101011
0101110100101110
0000110000101001
1011100110011110
0010110011101001
0011100001001010
0000100110011011
0011100100111001
0101011000001110
0000011110111011
1001001110111011
1011101101100010
1110100110011101
1011110010000011
1011110100000101
0010110011010111
0011101011011101
0000100101100111
1010010010001100
1001110011101101
0101001000011001
0101011110010100
0001010110000011
1001110000001110
0001110100110110
1011000000101100
0011101001100011
0110011101010010
0110101111000000
1011010100101011
0111011000111011
0000000100101100
0010101010000010
1010010000110001
0001110010001000
0110010000101000
0111000101101001
1010100001100100
0011010001001011
0110010010011100
0001100000111110
1010010001101001
0011110101010011
0111110110010011
1011011100110010
0011001101111110
1110011010110100
0011000111101010
0101110011100100
0001011110110100
1010100010110100
0011110000011010
0010010011011101
0101100000100000
0110100010011010
0111011000111000
0101101101110101
0110100101100000
0010100110011001
1011100111000001
0001111011000010
1011101000110010
0110111000010001
1001100000000110
1011100000001001
0000010001101000
1001010101011110
0101011111011110
1011101111010101
0101000011000101
0001000101111100
1011000011000101
0111011000011000
1110011111001001
0110001100000010
0110110001000100
0111100100110001
0110010111001100
0010000101111010
1011011101101101
1001110111010000
1010100110111100
0000100100100100
0110011110010111
0101110011011110
0010011110110011
0011010010101100
1011001101100011
0010110010010010
0000011001100110
0110001010011101
0010000100001110
0011101100010100
0011100011101001
1010100001001011
1011111011000010
1011111011101001
0111001100011100
0111100111010101
1010101001001110
0001101001101011
0101101010110111
0000010010101001
0110010101000100
0000101111101011
1011101000101110
0010101000001011
0111101110101001
0101011010000011
1011000011000001
0000101110010011
1110110101111011
0010111001101000
0001011100001000
0101001100101010
1001001010110101
0101101101001110
0111101001010110
1011100110011001
0111110001111101
0001100101000110
0011010110110011
0110010001011001
0000010001100011
0011110000010001
0111101001011001
1110101100000011
1001110000101110
0000011011101101
0111111010011000
1010111000111011
0010000000001011
1011101011100110
0001100010101101
0110000110000011
0010001100101100
0110001100010110
1110110000001101
1011011101001001
1001110010110111
1001001101000110
0010111010011010
1010010000000111
1001111011010001
0110011011100100
1110001100011110
1010100110110111
0110001101011110
0010110001001110
1001010111011101
0111011001011001
0000100010010010
1011011100101110
0011100110110100
1010101100100010
0001101001010000
0010011010111011
0110110001010111
1110000111010110
0111111011000110
1010100010100100
0010001100101001
0000010101101110
1011011111010011
0110100110010001
0111000010011001
0001010101111010
0001100101000100
0000001101010101
0110110010011011
0110011100100000
0111010010110011
0111011111100000
1011010001110101
0111110001011110
0010000101011101
0101001001010111
1001011111100101
0000010001110110
0000100010011011
0111010010011001
1011110000101000
0000000001101100
0001001101001000
0101101010111011
1010100001110111
0000010001111101
0000001000100111
1011001010110011
1010110011001100
0001101001000100
0111001111100000
0000010001011010
1010100010000101
0000100010100101
0110111011101010
1110011010000110
1001101001101010
0101011001011100
0111011010010010
1110010001001011
0011110001000001
0001000101011101
0001100101010100
0001001111100011
0001100001111001
0111001011010111
1001110100000011
0111001001110001
0000100010011000
0101001010001001
1011101011100000
0011010101101010
0111101110011000
0001101111100010
0101101100110100
0000100001011001
1110000100010100
0101011000110101
0000010101010100
0001111010011100
1010110001101000
1001110110011010
1010011110111001
0001110010110110
0011000110100011
0000001101100110
0110001110100011
0011000011011010
1110110110001001
1001101101101001
0110001001101100
1011100110111011
0101101010000111
0101011000110011
0101100101101011
0011100001110010
0010000101110011
0001000111101110
0010101001101010
0011000011000101
0010001101100110
0101100110001011
1011011110100011
0001010000011100
0111001001101110
0110001010110101
0000000110011011
1001101111001100
0111011001110111
0111010001001011
1011011010100001
0101111010111010
0101000000010010
1001011101101100
0011111000110011
1110100100110001
0010001011101101
0010110010000100
0101010100010001
1110101110101101
0010011110111011
0001001000001101
1110100001000001
1010111001011011
1001101010011101
1010100100010100
0010001011000001
1110010101001011
0000011101100001
0000110001011100
0111010000000100
0101101110000111
1110010000011000
1110010001100010
0110010101110101
0110000101111001
0101001011000111
0000010001111000
0001010110101100
0111110011000111
1110110001111110
0001011000010001
1010011000010001
0000110111100011
0110001011010000
0000100110010011